    0.010000000    0.085903222    0.085163036     -2.0609101
    0.020000000     0.15829857     0.16127015     -1.7345654
    0.030000000     0.23144978     0.22918314     -2.0048005
    0.040000000     0.28381511     0.28968177     -1.6935304
    0.050000000     0.34736152     0.34347161     -1.9459513
    0.060000000     0.38254959     0.39119109     -1.6557999
    0.070000000     0.43906993     0.43341787     -1.8847002
    0.080000000     0.45942220     0.47067467     -1.6214732
    0.090000000     0.51102815     0.50343443     -1.8214879
     0.10000000     0.51846848     0.53212510     -1.5906705
     0.11000000     0.56688706     0.55713391     -1.7568146
     0.12000000     0.56299886     0.57881124     -1.5635399
     0.13000000     0.60963932     0.59747411     -1.6911996
     0.14000000     0.59572932     0.61340939     -1.5402665
     0.15000000     0.64173719     0.62687665     -1.6251474
     0.16000000     0.61888814     0.63811075     -1.5210838
     0.17000000     0.66518896     0.64732419     -1.5591246
     0.18000000     0.63430328     0.65470928     -1.5062905
     0.19000000     0.68163772     0.66044001     -1.4935445
     0.20000000     0.64347381     0.66467380     -1.4962729
     0.21000000     0.69242592     0.66755311     -1.4287609
     0.22000000     0.64762828     0.66920683     -1.4915382
     0.23000000     0.69864814     0.66975160     -1.3650679
     0.24000000     0.64777246     0.66929294     -1.4927642
     0.25000000     0.70119431     0.66792635     -1.3027025
     0.26000000     0.64472829     0.66573823     -1.5008788
     0.27000000     0.70078510     0.66280675     -1.2418508
     0.28000000     0.63916577     0.65920265     -1.5171889
     0.29000000     0.69800099     0.65498995     -1.1826547
     0.30000000     0.63162898     0.65022655     -1.5436084
     0.31000000     0.69330612     0.64496487     -1.1252182
     0.32000000     0.62255733     0.63925232     -1.5830861
     0.33000000     0.68706792     0.63313181     -1.0696145
     0.34000000     0.61230303     0.62664217     -1.6404965
     0.35000000     0.67957333     0.61981851     -1.0158916
     0.36000000     0.60114529     0.61269262     -1.7247611
     0.37000000     0.67104222     0.60529327    -0.96407703
     0.38000000     0.58930213     0.59764648     -1.8550518
     0.39000000     0.66163861     0.58977579    -0.91418272
     0.40000000     0.57693998     0.58170252     -2.0868620
     0.41000000     0.65148000     0.57344594    -0.86620825
     0.42000000     0.56418176     0.56502349     -2.8268926
     0.43000000     0.64064532     0.55645096    -0.82014392
     0.44000000     0.55111360     0.54774264     -2.2108224
     0.45000000     0.62918160     0.53891143    -0.77597317
     0.46000000     0.53779052     0.52996905     -1.8309620
     0.47000000     0.61710979     0.52092606    -0.73367447
     0.48000000     0.52424130     0.51179204     -1.6139500
     0.49000000     0.60442976     0.50257566    -0.69322294
     0.50000000     0.51047275     0.49328475     -1.4578725
     0.51000000     0.59112469     0.48392641    -0.65459150
     0.52000000     0.49647340     0.47450704     -1.3344845
     0.53000000     0.57716494     0.46503247    -0.61775189
     0.54000000     0.48221699     0.45550794     -1.2318375
     0.55000000     0.56251155     0.44593820    -0.58267538
     0.56000000     0.46766545     0.43632756     -1.1437429
     0.57000000     0.54711938     0.42667991    -0.54933337
     0.58000000     0.45277188     0.41699878     -1.0665782
     0.59000000     0.53093991     0.40728734    -0.51769778
     0.60000000     0.43748320     0.39754849    -0.99803951
     0.61000000     0.51392382     0.38778483    -0.48774144
     0.62000000     0.42174277     0.37799872    -0.93657132
     0.63000000     0.49602337     0.36819230    -0.45943827
     0.64000000     0.40549277     0.35836750    -0.88107480
     0.65000000     0.47719445     0.34852607    -0.43276345
     0.66000000     0.38867654     0.33866960    -0.83074590
     0.67000000     0.45739851     0.32879951    -0.40769356
     0.68000000     0.37124077     0.31891710    -0.78497956
     0.69000000     0.43660422     0.30902354    -0.38420665
     0.70000000     0.35313750     0.29911990    -0.74331002
     0.71000000     0.41478894     0.28920713    -0.36228224
     0.72000000     0.33432595     0.27928610    -0.70537211
     0.73000000     0.39193994     0.26935760    -0.34190135
     0.74000000     0.31477420     0.25942234    -0.67087519
     0.75000000     0.36805536     0.24948097    -0.32304650
     0.76000000     0.29446058     0.23953405    -0.63958514
     0.77000000     0.34314501     0.22958213    -0.30570170
     0.78000000     0.27337482     0.21962568    -0.61131153
     0.79000000     0.31723082     0.20966512    -0.28985240
     0.80000000     0.25151896     0.19970086    -0.58589839
     0.81000000     0.29034713     0.18973323    -0.27548546
     0.82000000     0.22890787     0.17976257    -0.56321731
     0.83000000     0.26254065     0.16978917    -0.26258912
     0.84000000     0.20556952     0.15981327    -0.54316235
     0.85000000     0.23387021     0.14983512    -0.25115296
     0.86000000     0.18154492     0.13985494    -0.52564613
     0.87000000     0.20440628     0.12987291    -0.24116786
     0.88000000     0.15688765     0.11988922    -0.51059685
     0.89000000     0.17423017     0.10990402    -0.23262595
     0.90000000     0.13166318    0.099917450    -0.49795603
     0.91000000     0.14343316    0.089929648    -0.22552063
     0.92000000     0.10594780    0.079940729    -0.48767672
     0.93000000     0.11211523    0.069950798    -0.21984646
     0.94000000    0.079827262    0.059959952    -0.47972221
     0.95000000    0.080383792    0.049968278    -0.21559923
     0.96000000    0.053395247    0.039975855    -0.47406494
     0.97000000    0.048352184    0.029982754    -0.21277585
     0.98000000    0.026751522    0.019989040    -0.47068586
     0.99000000    0.016138025   0.0099947712    -0.21137443
