   0.0010000000    0.017822181   0.0089502117  -0.0038132505
   0.0020000000    0.030373491    0.017801417    -0.15104766
   0.0030000000    0.053083510    0.026554603 -0.00042045163
   0.0040000000    0.060186254    0.035210742    -0.14916079
   0.0050000000    0.087697317    0.043770802   0.0015422334
   0.0060000000    0.089281187    0.052235739    -0.14923289
   0.0070000000     0.12150396    0.060606498   0.0020799953
   0.0080000000     0.11750848    0.068884017    -0.15126363
   0.0090000000     0.15435180    0.077069223   0.0012006298
    0.010000000     0.14472909    0.085163036    -0.15525229
    0.011000000     0.18610017    0.093166364  -0.0010854398
    0.012000000     0.17081791     0.10108011    -0.16119745
    0.013000000     0.21662193     0.10890516  -0.0047651306
    0.014000000     0.19566655     0.11664240    -0.16909660
    0.015000000     0.24580577     0.12429270  -0.0098226514
    0.016000000     0.21918572     0.13185694    -0.17894560
    0.017000000     0.27355797     0.13933596   -0.016239438
    0.018000000     0.24130699     0.14673061    -0.19073801
    0.019000000     0.29980373     0.15404173   -0.023994064
    0.020000000     0.26198414     0.16127015    -0.20446424
    0.021000000     0.32448801     0.16841671   -0.033062130
    0.022000000     0.28119379     0.17548220    -0.22011045
    0.023000000     0.34757588     0.18246744   -0.043416116
    0.024000000     0.29893559     0.18937323    -0.23765722
    0.025000000     0.36905242     0.19620035   -0.055025212
    0.026000000     0.31523164     0.20294959    -0.25707787
    0.027000000     0.38892211     0.20962173   -0.067855109
    0.028000000     0.33012558     0.21621753    -0.27833649
    0.029000000     0.40720788     0.22273775   -0.081867762
    0.030000000     0.34368096     0.22918314    -0.30138545
    0.031000000     0.42394980     0.23555445   -0.097021132
    0.032000000     0.35597929     0.24185242    -0.32616251
    0.033000000     0.43920340     0.24807776    -0.11326891
    0.034000000     0.36711759     0.25423122    -0.35258739
    0.035000000     0.45303779     0.26031350    -0.13056023
    0.036000000     0.37720568     0.26632531    -0.38055778
    0.037000000     0.46553364     0.27226735    -0.14883946
    0.038000000     0.38636319     0.27814032    -0.40994489
    0.039000000     0.47678090     0.28394490    -0.16804593
    0.040000000     0.39471641     0.28968177    -0.44058862
    0.041000000     0.48687659     0.29535161    -0.18811391
    0.042000000     0.40239507     0.30095509    -0.47229253
    0.043000000     0.49592243     0.30649286    -0.20897257
    0.044000000     0.40952912     0.31196558    -0.50481910
    0.045000000     0.50402258     0.31737389    -0.23054625
    0.046000000     0.41624564     0.32271844    -0.53788589
    0.047000000     0.51128142     0.32799987    -0.25275490
    0.048000000     0.42266584     0.33321879    -0.57116344
    0.049000000     0.51780145     0.33837583    -0.27551488
    0.050000000     0.42890245     0.34347161    -0.60427616
    0.051000000     0.52368130     0.34850674    -0.29874014
    0.052000000     0.43505728     0.35348181    -0.63680752
    0.053000000     0.52901398     0.35839744    -0.32234376
    0.054000000     0.44121921     0.36325420    -0.66831090
    0.055000000     0.53388531     0.36805269    -0.34624003
    0.056000000     0.44746263     0.37279348    -0.69832709
    0.057000000     0.53837258     0.37747715    -0.37034695
    0.058000000     0.45384624     0.38210427    -0.72640857
    0.059000000     0.54254354     0.38667539    -0.39458917
    0.060000000     0.46041235     0.39119109    -0.75214946
    0.061000000     0.54645557     0.39565190    -0.41890134
    0.062000000     0.46718663     0.40005838    -0.77521804
    0.063000000     0.55015528     0.40441106    -0.44323168
    0.064000000     0.47417832     0.40871048    -0.79538776
    0.065000000     0.55367829     0.41295717    -0.46754575
    0.066000000     0.48138085     0.41715166    -0.81256153
    0.067000000     0.55704941     0.42129446    -0.49183009
    0.068000000     0.48877285     0.42538609    -0.82678480
    0.069000000     0.56028307     0.42942706    -0.51609575
    0.070000000     0.49631949     0.43341787    -0.83824505
    0.071000000     0.56338402     0.43735903    -0.54038139
    0.072000000     0.50397417     0.44125101    -0.84725783
    0.073000000     0.56634833     0.44509432    -0.56475596
    0.074000000     0.51168038     0.44888944    -0.85424246
    0.075000000     0.56916451     0.45263685    -0.58932089
    0.076000000     0.51937374     0.45633702    -0.85969209
    0.077000000     0.57181490     0.45999043    -0.61421192
    0.078000000     0.52698420     0.46359753    -0.86414319
    0.079000000     0.57427714     0.46715879    -0.63960067
    0.080000000     0.53443815     0.47067467    -0.86814882
    0.081000000     0.57652564     0.47414561    -0.66569649
    0.082000000     0.54166065     0.47757207    -0.87225825
    0.083000000     0.57853320     0.48095448    -0.69274885
    0.084000000     0.54857749     0.48429329    -0.87700421
    0.085000000     0.58027247     0.48758893    -0.72105120
    0.086000000     0.55511711     0.49084182    -0.88289750
    0.087000000     0.58171733     0.49405240    -0.75094711
    0.088000000     0.56121240     0.49722108    -0.89042852
    0.089000000     0.58284420     0.50034829    -0.78284000
    0.090000000     0.56680217     0.50343443    -0.90007464
    0.091000000     0.58363306     0.50647991    -0.81720852
    0.092000000     0.57183255     0.50948514    -0.91231305
    0.093000000     0.58406839     0.51245051    -0.85463049
    0.094000000     0.57625794     0.51537643    -0.92763919
    0.095000000     0.58413972     0.51826329    -0.89582036
    0.096000000     0.58004179     0.52111147    -0.94659186
    0.097000000     0.58384212     0.52392137    -0.94168887
    0.098000000     0.58315714     0.52669335    -0.96978780
    0.099000000     0.58317627     0.52942780    -0.99344068
     0.10000000     0.58558682     0.53212510    -0.99797084
     0.10100000     0.58214847     0.53478561     -1.0527417
     0.10200000     0.58732342     0.53740969     -1.0320855
     0.10300000     0.58077036     0.53999772     -1.1220231
     0.10400000     0.58836910     0.54255004     -1.0733936
     0.10500000     0.57905842     0.54506702     -1.2050808
     0.10600000     0.58873512     0.54754900     -1.1236722
     0.10700000     0.57703346     0.54999634     -1.3083993
     0.10800000     0.58844123     0.55240938     -1.1855744
     0.10900000     0.57471989     0.55478845     -1.4445888
     0.11000000     0.58751496     0.55713391     -1.2633568
     0.11100000     0.57214497     0.55944608     -1.6439924
     0.11200000     0.58599070     0.56172529     -1.3645364
     0.11300000     0.56933800     0.56397187     -2.0215965
     0.11400000     0.58390881     0.56618615     -1.5044304
     0.11500000     0.56632957     0.56836845     -2.4452375
     0.11600000     0.58131464     0.57051909     -1.7230251
     0.11700000     0.56315077     0.57263837     -1.7807239
     0.11800000     0.57825749     0.57472662     -2.2115789
     0.11900000     0.55983251     0.57678414     -1.5318019
     0.12000000     0.57478965     0.57881124     -2.1581393
     0.12100000     0.55640492     0.58080821     -1.3765843
     0.12200000     0.57096538     0.58277537     -1.6932516
     0.12300000     0.55289680     0.58471301     -1.2642944
     0.12400000     0.56684005     0.58662141     -1.4721016
     0.12500000     0.54933523     0.58850088     -1.1768418
     0.12600000     0.56246921     0.59035169     -1.3257793
     0.12700000     0.54574523     0.59217414     -1.1056609
     0.12800000     0.55790784     0.59396851     -1.2167297
     0.12900000     0.54214958     0.59573507     -1.0460060
     0.13000000     0.55320963     0.59747411     -1.1302637
     0.13100000     0.53856873     0.59918589    -0.99496601
     0.13200000     0.54842632     0.60087069     -1.0590821
     0.13300000     0.53502076     0.60252878    -0.95062242
     0.13400000     0.54360718     0.60416042    -0.99901495
     0.13500000     0.53152145     0.60576587    -0.91164099
     0.13600000     0.53879856     0.60734540    -0.94744833
     0.13700000     0.52808448     0.60889926    -0.87705462
     0.13800000     0.53404347     0.61042771    -0.90263046
     0.13900000     0.52472156     0.61193101    -0.84613891
     0.14000000     0.52938129     0.61340939    -0.86332589
     0.14100000     0.52144272     0.61486312    -0.81833674
     0.14200000     0.52484756     0.61629243    -0.82862749
     0.14300000     0.51825658     0.61769757    -0.79321046
     0.14400000     0.52047375     0.61907878    -0.79784683
     0.14500000     0.51517059     0.62043629    -0.77041031
     0.14600000     0.51628716     0.62177035    -0.77044675
     0.14700000     0.51219136     0.62308119    -0.74965291
     0.14800000     0.51231089     0.62436903    -0.74599793
     0.14900000     0.50932486     0.62563411    -0.73070618
     0.15000000     0.50856373     0.62687665    -0.72414993
     0.15100000     0.50657674     0.62809688    -0.71337837
     0.15200000     0.50506027     0.62929501    -0.70461121
     0.15300000     0.50395243     0.63047128    -0.69751007
     0.15400000     0.50181088     0.63162589    -0.68713501
     0.15500000     0.50145736     0.63275906    -0.68296801
     0.15600000     0.49882186     0.63387101    -0.67150903
     0.15700000     0.49909702     0.63496195    -0.66964036
     0.15800000     0.49609555     0.63603207    -0.65754794
     0.15900000     0.49687702     0.63708161    -0.65743285
     0.16000000     0.49363054     0.63811075    -0.64508770
     0.16100000     0.49480304     0.63911970    -0.64626574
     0.16200000     0.49142186     0.64010866    -0.63398130
     0.16300000     0.49288079     0.64107783    -0.63607123
     0.16400000     0.48946130     0.64202740    -0.62409551
     0.16500000     0.49111587     0.64295758    -0.62679123
     0.16600000     0.48773771     0.64386856    -0.61530850
     0.16700000     0.48951366     0.64476052    -0.61837561
     0.16800000     0.48623738     0.64563365    -0.60750800
     0.16900000     0.48807907     0.64648815    -0.61078051
     0.17000000     0.48494449     0.64732419    -0.60059010
     0.17100000     0.48681643     0.64814197    -0.60396703
     0.17200000     0.48384158     0.64894166    -0.59445837
     0.17300000     0.48572924     0.64972344    -0.59790004
     0.17400000     0.48291004     0.65048750    -0.58902336
     0.17500000     0.48482001     0.65123400    -0.59254724
     0.17600000     0.48213072     0.65196313    -0.58420247
     0.17700000     0.48409016     0.65267505    -0.58787837
     0.17800000     0.48148443     0.65336993    -0.57991990
     0.17900000     0.48353985     0.65404796    -0.58386457
     0.18000000     0.48095259     0.65470928    -0.57610695
     0.18100000     0.48316801     0.65535408    -0.58047799
     0.18200000     0.48051772     0.65598251    -0.57270228
     0.18300000     0.48297226     0.65659474    -0.57769145
     0.18400000     0.48016405     0.65719093    -0.56965234
     0.18500000     0.48294905     0.65777123    -0.57547833
     0.18600000     0.47987793     0.65833581    -0.56691173
     0.18700000     0.48309368     0.65888483    -0.57381252
     0.18800000     0.47964829     0.65941843    -0.56444352
     0.18900000     0.48340056     0.65993677    -0.57266853
     0.19000000     0.47946693     0.66044001    -0.56221941
     0.19100000     0.48386330     0.66092828    -0.57202165
     0.19200000     0.47932876     0.66140175    -0.56021980
     0.19300000     0.48447496     0.66186056    -0.57184813
     0.19400000     0.47923182     0.66230486    -0.55843355
     0.19500000     0.48522825     0.66273478    -0.57212543
     0.19600000     0.47917731     0.66315048    -0.55685760
     0.19700000     0.48611573     0.66355209    -0.57283240
     0.19800000     0.47916935     0.66393975    -0.55549628
     0.19900000     0.48712994     0.66431361    -0.57394945
     0.20000000     0.47921470     0.66467380    -0.55436041
     0.20100000     0.48826353     0.66502045    -0.57545858
     0.20200000     0.47932225     0.66535371    -0.55346619
     0.20300000     0.48950934     0.66567370    -0.57734335
     0.20400000     0.47950251     0.66598055    -0.55283386
     0.20500000     0.49086033     0.66627440    -0.57958871
     0.20600000     0.47976695     0.66655538    -0.55248625
     0.20700000     0.49230958     0.66682362    -0.58218061
     0.20800000     0.48012720     0.66707923    -0.55244723
     0.20900000     0.49385007     0.66732235    -0.58510557
     0.21000000     0.48059436     0.66755311    -0.55274005
     0.21100000     0.49547452     0.66777161    -0.58834999
     0.21200000     0.48117818     0.66797800    -0.55338570
     0.21300000     0.49717513     0.66817238    -0.59189940
     0.21400000     0.48188626     0.66835487    -0.55440138
     0.21500000     0.49894330     0.66852560    -0.59573751
     0.21600000     0.48272345     0.66868469    -0.55579894
     0.21700000     0.50076930     0.66883223    -0.59984525
     0.21800000     0.48369113     0.66896837    -0.55758353
     0.21900000     0.50264201     0.66909319    -0.60419973
     0.22000000     0.48478683     0.66920683    -0.55975235
     0.22100000     0.50454862     0.66930938    -0.60877312
     0.22200000     0.48600379     0.66940097    -0.56229369
     0.22300000     0.50647441     0.66948169    -0.61353170
     0.22400000     0.48733085     0.66955167    -0.56518611
     0.22500000     0.50840259     0.66961099    -0.61843491
     0.22600000     0.48875240     0.66965978    -0.56839795
     0.22700000     0.51031422     0.66969813    -0.62343461
     0.22800000     0.49024859     0.66972614    -0.57188712
     0.22900000     0.51218817     0.66974393    -0.62847449
     0.23000000     0.49179564     0.66975160    -0.57560122
     0.23100000     0.51400128     0.66974924    -0.63348987
     0.23200000     0.49336635     0.66973695    -0.57947808
     0.23300000     0.51572851     0.66971483    -0.63840778
     0.23400000     0.49493078     0.66968299    -0.58344660
     0.23500000     0.51734327     0.66964151    -0.64314748
     0.23600000     0.49645697     0.66959049    -0.58742813
     0.23700000     0.51881775     0.66953003    -0.64762142
     0.23800000     0.49791184     0.66946023    -0.59133814
     0.23900000     0.52012347     0.66938117    -0.65173675
     0.24000000     0.49926204     0.66929294    -0.59508839
     0.24100000     0.52123173     0.66919565    -0.65539730
     0.24200000     0.50047494     0.66908937    -0.59858939
     0.24300000     0.52211427     0.66897420    -0.65850607
     0.24400000     0.50151949     0.66885023    -0.60175317
     0.24500000     0.52274385     0.66871754    -0.66096814
     0.24600000     0.50236713     0.66857622    -0.60449616
     0.24700000     0.52309490     0.66842635    -0.66269395
     0.24800000     0.50299254     0.66826803    -0.60674222
     0.24900000     0.52314418     0.66810134    -0.66360267
     0.25000000     0.50337434     0.66792635    -0.60842540
     0.25100000     0.52287137     0.66774316    -0.66362563
     0.25200000     0.50349569     0.66755183    -0.60949250
     0.25300000     0.52225970     0.66735247    -0.66270950
     0.25400000     0.50334467     0.66714513    -0.60990519
     0.25500000     0.52129643     0.66692991    -0.66081897
     0.25600000     0.50291458     0.66670688    -0.60964145
     0.25700000     0.51997338     0.66647612    -0.65793883
     0.25800000     0.50220412     0.66623771    -0.60869643
     0.25900000     0.51828725     0.66599172    -0.65407519
     0.26000000     0.50121736     0.66573823    -0.60708252
     0.26100000     0.51623998     0.66547731    -0.64925580
     0.26200000     0.49996362     0.66520903    -0.60482871
     0.26300000     0.51383892     0.66493348    -0.64352939
     0.26400000     0.49845720     0.66465072    -0.60197939
     0.26500000     0.51109694     0.66436082    -0.63696419
     0.26600000     0.49671707     0.66406385    -0.59859246
     0.26700000     0.50803239     0.66375990    -0.62964568
     0.26800000     0.49476639     0.66344901    -0.59473720
     0.26900000     0.50466903     0.66313127    -0.62167371
     0.27000000     0.49263201     0.66280675    -0.59049183
     0.27100000     0.50103576     0.66247550    -0.61315938
     0.27200000     0.49034390     0.66213759    -0.58594103
     0.27300000     0.49716630     0.66179310    -0.60422169
     0.27400000     0.48793453     0.66144209    -0.58117341
     0.27500000     0.49309874     0.66108462    -0.59498428
     0.27600000     0.48543822     0.66072076    -0.57627929
     0.27700000     0.48887504     0.66035057    -0.58557239
     0.27800000     0.48289052     0.65997411    -0.57134857
     0.27900000     0.48454035     0.65959145    -0.57611017
     0.28000000     0.48032749     0.65920265    -0.56646891
     0.28100000     0.48014241     0.65880776    -0.56671835
     0.28200000     0.47778507     0.65840686    -0.56172420
     0.28300000     0.47573072     0.65799999    -0.55751243
     0.28400000     0.47529839     0.65758723    -0.55719330
     0.28500000     0.47135583     0.65716862    -0.54860121
     0.28600000     0.47290112     0.65674422    -0.55294891
     0.28700000     0.46706846     0.65631410    -0.54008584
     0.28800000     0.47062479     0.65587831    -0.54905679
     0.28900000     0.46291874     0.65543691    -0.53205917
     0.29000000     0.46849818     0.65498995    -0.54557497
     0.29100000     0.45895536     0.65453748    -0.52460538
     0.29200000     0.46654670     0.65407957    -0.54255318
     0.29300000     0.45522484     0.65361626    -0.51779995
     0.29400000     0.46479178     0.65314762    -0.54003225
     0.29500000     0.45177072     0.65267369    -0.51170976
     0.29600000     0.46325034     0.65219452    -0.53804362
     0.29700000     0.44863298     0.65171017    -0.50639335
     0.29800000     0.46193432     0.65122070    -0.53660883
     0.29900000     0.44584736     0.65072614    -0.50190128
     0.30000000     0.46085023     0.65022655    -0.53573901
     0.30100000     0.44344489     0.64972199    -0.49827656
     0.30200000     0.45999884     0.64921249    -0.53543440
     0.30300000     0.44145144     0.64869812    -0.49555507
     0.30400000     0.45937501     0.64817891    -0.53568392
     0.30500000     0.43988740     0.64765492    -0.49376602
     0.30600000     0.45896754     0.64712620    -0.53646478
     0.30700000     0.43876744     0.64659278    -0.49293235
     0.30800000     0.45875933     0.64605473    -0.53774220
     0.30900000     0.43810037     0.64551207    -0.49307110
     0.31000000     0.45872757     0.64496487    -0.53946939
     0.31100000     0.43788908     0.64441316    -0.49419371
     0.31200000     0.45884422     0.64385700    -0.54158770
     0.31300000     0.43813063     0.64329641    -0.49630621
     0.31400000     0.45907660     0.64273146    -0.54402714
     0.31500000     0.43881631     0.64216217    -0.49940937
     0.31600000     0.45938822     0.64158861    -0.54670735
     0.31700000     0.43993183     0.64101079    -0.50349871
     0.31800000     0.45973975     0.64042878    -0.54953906
     0.31900000     0.44145763     0.63984261    -0.50856437
     0.32000000     0.46009021     0.63925232    -0.55242614
     0.32100000     0.44336913     0.63865796    -0.51459092
     0.32200000     0.46039818     0.63805956    -0.55526820
     0.32300000     0.44563708     0.63745717    -0.52155693
     0.32400000     0.46062324     0.63685081    -0.55796385
     0.32500000     0.44822801     0.63624055    -0.52943453
     0.32600000     0.46072734     0.63562640    -0.56041444
     0.32700000     0.45110459     0.63500842    -0.53818870
     0.32800000     0.46067622     0.63438663    -0.56252818
     0.32900000     0.45422612     0.63376109    -0.54777652
     0.33000000     0.46044081     0.63313181    -0.56422441
     0.33100000     0.45754903     0.63249885    -0.55814624
     0.33200000     0.45999838     0.63186224    -0.56543784
     0.33300000     0.46102738     0.63122201    -0.56923628
     0.33400000     0.45933369     0.63057821    -0.56612228
     0.33500000     0.46461342     0.62993085    -0.58097421
     0.33600000     0.45843977     0.62928000    -0.56625378
     0.33700000     0.46825812     0.62862566    -0.59327563
     0.33800000     0.45731850     0.62796789    -0.56583269
     0.33900000     0.47191183     0.62730671    -0.60604323
     0.34000000     0.45598087     0.62664217    -0.56488457
     0.34100000     0.47552488     0.62597428    -0.61916603
     0.34200000     0.45444691     0.62530309    -0.56345988
     0.34300000     0.47904819     0.62462863    -0.63251884
     0.34400000     0.45274527     0.62395093    -0.56163232
     0.34500000     0.48243396     0.62327003    -0.64596236
     0.34600000     0.45091249     0.62258595    -0.55949617
     0.34700000     0.48563636     0.62189872    -0.65934374
     0.34800000     0.44899194     0.62120839    -0.55716269
     0.34900000     0.48861214     0.62051497    -0.67249814
     0.35000000     0.44703250     0.61981851    -0.55475596
     0.35100000     0.49132133     0.61911902    -0.68525115
     0.35200000     0.44508699     0.61841655    -0.55240847
     0.35300000     0.49372786     0.61771111    -0.69742241
     0.35400000     0.44321049     0.61700274    -0.55025669
     0.35500000     0.49580015     0.61629148    -0.70883036
     0.35600000     0.44145854     0.61557734    -0.54843698
     0.35700000     0.49751161     0.61486035    -0.71929803
     0.35800000     0.43988528     0.61414055    -0.54708185
     0.35900000     0.49884116     0.61341797    -0.72865977
     0.36000000     0.43854171     0.61269262    -0.54631689
     0.36100000     0.49977357     0.61196454    -0.73676835
     0.36200000     0.43747404     0.61123376    -0.54625822
     0.36300000     0.50029974     0.61050030    -0.74350210
     0.36400000     0.43672227     0.60976418    -0.54701061
     0.36500000     0.50041685     0.60902544    -0.74877126
     0.36600000     0.43631900     0.60828410    -0.54866613
     0.36700000     0.50012842     0.60754019    -0.75252313
     0.36800000     0.43628849     0.60679373    -0.55130335
     0.36900000     0.49944420     0.60604475    -0.75474523
     0.37000000     0.43664615     0.60529327    -0.55498692
     0.37100000     0.49837994     0.60453932    -0.75546620
     0.37200000     0.43739826     0.60378292    -0.55976753
     0.37300000     0.49695711     0.60302410    -0.75475441
     0.37400000     0.43854205     0.60226288    -0.56568216
     0.37500000     0.49520232     0.60149928    -0.75271427
     0.37600000     0.44006613     0.60073333    -0.57275450
     0.37700000     0.49314686     0.59996505    -0.74948072
     0.37800000     0.44195114     0.59919447    -0.58099557
     0.37900000     0.49082595     0.59842160    -0.74521254
     0.38000000     0.44417067     0.59764648    -0.59040442
     0.38100000     0.48827806     0.59686912    -0.74008503
     0.38200000     0.44669228     0.59608954    -0.60096886
     0.38300000     0.48554405     0.59530777    -0.73428273
     0.38400000     0.44947875     0.59452383    -0.61266627
     0.38500000     0.48266643     0.59373774    -0.72799274
     0.38600000     0.45248929     0.59294952    -0.62546434
     0.38700000     0.47968845     0.59215920    -0.72139889
     0.38800000     0.45568075     0.59136679    -0.63932177
     0.38900000     0.47665337     0.59057231    -0.71467712
     0.39000000     0.45900880     0.58977579    -0.65418881
     0.39100000     0.47360362     0.58897725    -0.70799198
     0.39200000     0.46242899     0.58817670    -0.67000774
     0.39300000     0.47058017     0.58737417    -0.70149433
     0.39400000     0.46589765     0.58656967    -0.68671301
     0.39500000     0.46762184     0.58576323    -0.69532001
     0.39600000     0.46937262     0.58495486    -0.70423122
     0.39700000     0.46476476     0.58414459    -0.68958941
     0.39800000     0.47281382     0.58333243    -0.72248069
     0.39900000     0.46204199     0.58251840    -0.68440763
     0.40000000     0.47618362     0.58170252    -0.74137069
     0.40100000     0.45948309     0.58088481    -0.67986517
     0.40200000     0.47944707     0.58006529    -0.76080027
     0.40300000     0.45711391     0.57924397    -0.67603896
     0.40400000     0.48257194     0.57842087    -0.78065667
     0.40500000     0.45495644     0.57759601    -0.67299354
     0.40600000     0.48552867     0.57676941    -0.80081339
     0.40700000     0.45302869     0.57594109    -0.67078235
     0.40800000     0.48829027     0.57511106    -0.82112801
     0.40900000     0.45134472     0.57427934    -0.66944901
     0.41000000     0.49083216     0.57344594    -0.84143999
     0.41100000     0.44991470     0.57261088    -0.66902854
     0.41200000     0.49313196     0.57177419    -0.86156872
     0.41300000     0.44874496     0.57093587    -0.66954844
     0.41400000     0.49516941     0.57009594    -0.88131230
     0.41500000     0.44783819     0.56925442    -0.67102964
     0.41600000     0.49692627     0.56841133    -0.90044746
     0.41700000     0.44719352     0.56756667    -0.67348726
     0.41800000     0.49838637     0.56672047    -0.91873139
     0.41900000     0.44680680     0.56587274    -0.67693122
     0.42000000     0.49953567     0.56502349    -0.93590597
     0.42100000     0.44667068     0.56417275    -0.68136659
     0.42200000     0.50036255     0.56332051    -0.95170491
     0.42300000     0.44677488     0.56246681    -0.68679384
     0.42400000     0.50085807     0.56161166    -0.96586418
     0.42500000     0.44710638     0.56075506    -0.69320881
     0.42600000     0.50101636     0.55989704    -0.97813533
     0.42700000     0.44764960     0.55903760    -0.70060260
     0.42800000     0.50083507     0.55817677    -0.98830121
     0.42900000     0.44838664     0.55731455    -0.70896121
     0.43000000     0.50031586     0.55645096    -0.99619240
     0.43100000     0.44929754     0.55558602    -0.71826512
     0.43200000     0.49946481     0.55471973     -1.0017027
     0.43300000     0.45036050     0.55385211    -0.72848865
     0.43400000     0.49829282     0.55298318     -1.0048012
     0.43500000     0.45155217     0.55211294    -0.73959933
     0.43600000     0.49681597     0.55124141     -1.0055399
     0.43700000     0.45284796     0.55036860    -0.75155713
     0.43800000     0.49505565     0.54949453     -1.0040542
     0.43900000     0.45422238     0.54861920    -0.76431365
     0.44000000     0.49303868     0.54774264     -1.0005578
     0.44100000     0.45564935     0.54686484    -0.77781139
     0.44200000     0.49079711     0.54598583    -0.99533105
     0.44300000     0.45710260     0.54510562    -0.79198309
     0.44400000     0.48836802     0.54422422    -0.98870646
     0.44500000     0.45855609     0.54334164    -0.80675115
     0.44600000     0.48579294     0.54245789    -0.98105155
     0.44700000     0.45998435     0.54157298    -0.82202733
     0.44800000     0.48311730     0.54068693    -0.97275246
     0.44900000     0.46136295     0.53979974    -0.83771288
     0.45000000     0.48038958     0.53891143    -0.96419930
     0.45100000     0.46266892     0.53802202    -0.85369897
     0.45200000     0.47766038     0.53713150    -0.95577456
     0.45300000     0.46388111     0.53623989    -0.86986787
     0.45400000     0.47498146     0.53534721    -0.94784498
     0.45500000     0.46498060     0.53445345    -0.88609475
     0.45600000     0.47240458     0.53355864    -0.94075688
     0.45700000     0.46595110     0.53266279    -0.90225044
     0.45800000     0.46998048     0.53176590    -0.93483453
     0.45900000     0.46677927     0.53086798    -0.91820502
     0.46000000     0.46775776     0.52996905    -0.93038132
     0.46100000     0.46745503     0.52906911    -0.93383241
     0.46200000     0.46578187     0.52816818    -0.92768297
     0.46300000     0.46797181     0.52726626    -0.94901593
     0.46400000     0.46409421     0.52636337    -0.92701266
     0.46500000     0.46832680     0.52545951    -0.96365446
     0.46600000     0.46273126     0.52455469    -0.92863769
     0.46700000     0.46852108     0.52364893    -0.97766919
     0.46800000     0.46172397     0.52274223    -0.93282773
     0.46900000     0.46855972     0.52183461    -0.99101032
     0.47000000     0.46109714     0.52092606    -0.93986494
     0.47100000     0.46845176     0.52001661     -1.0036635
     0.47200000     0.46086912     0.51910625    -0.95005632
     0.47300000     0.46821021     0.51819500     -1.0156553
     0.47400000     0.46105151     0.51728287    -0.96374951
     0.47500000     0.46785181     0.51636987     -1.0270575
     0.47600000     0.46164909     0.51545600    -0.98135350
     0.47700000     0.46739684     0.51454128     -1.0379898
     0.47800000     0.46265982     0.51362570     -1.0033672
     0.47900000     0.46686867     0.51270929     -1.0486207
     0.48000000     0.46407502     0.51179204     -1.0304202
     0.48100000     0.46629336     0.51087398     -1.0591677
     0.48200000     0.46587960     0.50995510     -1.0633348
     0.48300000     0.46569901     0.50903541     -1.0698952
     0.48400000     0.46805238     0.50811492     -1.1032234
     0.48500000     0.46511513     0.50719364     -1.0811134
     0.48600000     0.47056647     0.50627158     -1.1516532
     0.48700000     0.46457176     0.50534874     -1.0931760
     0.48800000     0.47338978     0.50442514     -1.2109400
     0.48900000     0.46409868     0.50350078     -1.1064808
     0.49000000     0.47648553     0.50257566     -1.2847251
     0.49100000     0.46372447     0.50164980     -1.1214712
     0.49200000     0.47981280     0.50072321     -1.3792352
     0.49300000     0.46347550     0.49979588     -1.1386423
     0.49400000     0.48332720     0.49886783     -1.5065169
     0.49500000     0.46337505     0.49793906     -1.1585520
     0.49600000     0.48698159     0.49700959     -1.6951504
     0.49700000     0.46344233     0.49607942     -1.1818399
     0.49800000     0.49072679     0.49514855     -2.0491408
     0.49900000     0.46369171     0.49421699     -1.2092580
     0.50000000     0.49451245     0.49328475     -2.6040064
     0.50100000     0.46413194     0.49235184     -1.2417201
     0.50200000     0.49828792     0.49141826     -1.8545166
     0.50300000     0.46476568     0.49048403     -1.2803818
     0.50400000     0.50200318     0.48954913     -1.5944857
     0.50500000     0.46558908     0.48861359     -1.3267750
     0.50600000     0.50560989     0.48767741     -1.4344925
     0.50700000     0.46659169     0.48674060     -1.3830461
     0.50800000     0.50906231     0.48580315     -1.3198663
     0.50900000     0.46775661     0.48486509     -1.4524096
     0.51000000     0.51231843     0.48392641     -1.2315829
     0.51100000     0.46906083     0.48298712     -1.5401004
     0.51200000     0.51534088     0.48204722     -1.1607280
     0.51300000     0.47047591     0.48110673     -1.6556745
     0.51400000     0.51809791     0.48016565     -1.1023824
     0.51500000     0.47196882     0.47922398     -1.8198916
     0.51600000     0.52056418     0.47828173     -1.0535236
     0.51700000     0.47350311     0.47733890     -2.0949719
     0.51800000     0.52272152     0.47639551     -1.0121428
     0.51900000     0.47504015     0.47545156     -3.0628362
     0.52000000     0.52455938     0.47450704    -0.97681830
     0.52100000     0.47654053     0.47356198     -2.2013720
     0.52200000     0.52607519     0.47261637    -0.94648939
     0.52300000     0.47796554     0.47167022     -1.8746202
     0.52400000     0.52727437     0.47072353    -0.92032686
     0.52500000     0.47927867     0.46977632     -1.6940599
     0.52600000     0.52817016     0.46882858    -0.89765494
     0.52700000     0.48044696     0.46788032     -1.5709155
     0.52800000     0.52878313     0.46693154    -0.87790236
     0.52900000     0.48144232     0.46598226     -1.4791581
     0.53000000     0.52914043     0.46503247    -0.86057128
     0.53100000     0.48224259     0.46408218     -1.4074692
     0.53200000     0.52927482     0.46313140    -0.84521755
     0.53300000     0.48283239     0.46218013     -1.3498436
     0.53400000     0.52922341     0.46122837    -0.83143881
     0.53500000     0.48320364     0.46027614     -1.3026618
     0.53600000     0.52902626     0.45932343    -0.81886817
     0.53700000     0.48335580     0.45837025     -1.2635274
     0.53800000     0.52872488     0.45741660    -0.80717201
     0.53900000     0.48329581     0.45646250     -1.2307308
     0.54000000     0.52836058     0.45550794    -0.79605065
     0.54100000     0.48303763     0.45455292     -1.2029727
     0.54200000     0.52797292     0.45359746    -0.78524097
     0.54300000     0.48260156     0.45264156     -1.1792126
     0.54400000     0.52759816     0.45168521    -0.77452002
     0.54500000     0.48201329     0.45072844     -1.1585809
     0.54600000     0.52726791     0.44977123    -0.76370859
     0.54700000     0.48130272     0.44881360     -1.1403281
     0.54800000     0.52700792     0.44785555    -0.75267401
     0.54900000     0.48050265     0.44689708     -1.1237963
     0.55000000     0.52683724     0.44593820    -0.74133132
     0.55100000     0.47964743     0.44497891     -1.1084041
     0.55200000     0.52676754     0.44401921    -0.72964252
     0.55300000     0.47877156     0.44305912     -1.0936421
     0.55400000     0.52680297     0.44209862    -0.71761347
     0.55500000     0.47790840     0.44113774     -1.0790728
     0.55600000     0.52694014     0.44017647    -0.70528887
     0.55700000     0.47708898     0.43921481     -1.0643338
     0.55800000     0.52716864     0.43825277    -0.69274535
     0.55900000     0.47634107     0.43729035     -1.0491409
     0.56000000     0.52747176     0.43632756    -0.68008363
     0.56100000     0.47568838     0.43536440     -1.0332895
     0.56200000     0.52782750     0.43440087    -0.66742004
     0.56300000     0.47515016     0.43343698     -1.0166528
     0.56400000     0.52820987     0.43247274    -0.65487830
     0.56500000     0.47474091     0.43150813    -0.99917582
     0.56600000     0.52859029     0.43054318    -0.64258193
     0.56700000     0.47447057     0.42957788    -0.98086627
     0.56800000     0.52893899     0.42861223    -0.63064775
     0.56900000     0.47434472     0.42764624    -0.96178191
     0.57000000     0.52922660     0.42667991    -0.61918055
     0.57100000     0.47436522     0.42571325    -0.94201671
     0.57200000     0.52942545     0.42474626    -0.60826922
     0.57300000     0.47453089     0.42377894    -0.92168663
     0.57400000     0.52951081     0.42281129    -0.59798410
     0.57500000     0.47483829     0.42184332    -0.90091656
     0.57600000     0.52946196     0.42087504    -0.58837566
     0.57700000     0.47528267     0.41990644    -0.87982917
     0.57800000     0.52926283     0.41893753    -0.57947414
     0.57900000     0.47585875     0.41796830    -0.85853644
     0.58000000     0.52890250     0.41699878    -0.57129027
     0.58100000     0.47656159     0.41602895    -0.83713393
     0.58200000     0.52837526     0.41505882    -0.56381671
     0.58300000     0.47738716     0.41408839    -0.81569778
     0.58400000     0.52768045     0.41311767    -0.55703025
     0.58500000     0.47833290     0.41214666    -0.79428405
     0.58600000     0.52682188     0.41117536    -0.55089450
     0.58700000     0.47939797     0.41020378    -0.77293003
     0.58800000     0.52580718     0.40923191    -0.54536307
     0.58900000     0.48058328     0.40825976    -0.75165707
     0.59000000     0.52464674     0.40728734    -0.54038305
     0.59100000     0.48189137     0.40631464    -0.73047442
     0.59200000     0.52335273     0.40534168    -0.53589856
     0.59300000     0.48332599     0.40436844    -0.70938361
     0.59400000     0.52193796     0.40339494    -0.53185445
     0.59500000     0.48489151     0.40242117    -0.68838302
     0.59600000     0.52041475     0.40144715    -0.52819965
     0.59700000     0.48659223     0.40047286    -0.66747225
     0.59800000     0.51879401     0.39949832    -0.52489020
     0.59900000     0.48843147     0.39852353    -0.64665595
     0.60000000     0.51708439     0.39754849    -0.52189173
     0.60100000     0.49041070     0.39657320    -0.62594691
     0.60200000     0.51529172     0.39559766    -0.51918112
     0.60300000     0.49252869     0.39462188    -0.60536827
     0.60400000     0.51341870     0.39364586    -0.51674737
     0.60500000     0.49478062     0.39266960    -0.58495467
     0.60600000     0.51146490     0.39169311    -0.51459140
     0.60700000     0.49715742     0.39071638    -0.56475251
     0.60800000     0.50942708     0.38973943    -0.51272498
     0.60900000     0.49964522     0.38876224    -0.54481918
     0.61000000     0.50729976     0.38778483    -0.51116864
     0.61100000     0.50222503     0.38680719    -0.52522160
     0.61200000     0.50507606     0.38582933    -0.50994877
     0.61300000     0.50487266     0.38485125    -0.50603416
     0.61400000     0.50274878     0.38387295    -0.50909397
     0.61500000     0.50755895     0.38289444    -0.48733622
     0.61600000     0.50031160     0.38191571    -0.50863090
     0.61700000     0.51025015     0.38093678    -0.46920947
     0.61800000     0.49776037     0.37995763    -0.50857977
     0.61900000     0.51290867     0.37897828    -0.45173515
     0.62000000     0.49509436     0.37799872    -0.50894960
     0.62100000     0.51549405     0.37701896    -0.43499153
     0.62200000     0.49231749     0.37603899    -0.50973349
     0.62300000     0.51796401     0.37505883    -0.41905142
     0.62400000     0.48943936     0.37407847    -0.51090415
     0.62500000     0.52027584     0.37309792    -0.40398016
     0.62600000     0.48647608     0.37211717    -0.51240971
     0.62700000     0.52238773     0.37113624    -0.38983370
     0.62800000     0.48345084     0.37015511    -0.51417021
     0.62900000     0.52426020     0.36917380    -0.37665714
     0.63000000     0.48039408     0.36819230    -0.51607493
     0.63100000     0.52585756     0.36721061    -0.36448352
     0.63200000     0.47734344     0.36622875    -0.51798094
     0.63300000     0.52714918     0.36524670    -0.35333282
     0.63400000     0.47434324     0.36426448    -0.51971329
     0.63500000     0.52811073     0.36328208    -0.34321129
     0.63600000     0.47144369     0.36229951    -0.52106713
     0.63700000     0.52872516     0.36131676    -0.33411087
     0.63800000     0.46869974     0.36033384    -0.52181241
     0.63900000     0.52898347     0.35935075    -0.32600895
     0.64000000     0.46616965     0.35836750    -0.52170119
     0.64100000     0.52888523     0.35738408    -0.31886814
     0.64200000     0.46391334     0.35640049    -0.52047791
     0.64300000     0.52843880     0.35541674    -0.31263641
     0.64400000     0.46199058     0.35443283    -0.51789222
     0.64500000     0.52766122     0.35344876    -0.30724726
     0.64600000     0.46045904     0.35246453    -0.51371376
     0.64700000     0.52657788     0.35148015    -0.30262029
     0.64800000     0.45937233     0.35049561    -0.50774754
     0.64900000     0.52522186     0.34951092    -0.29866193
     0.65000000     0.45877813     0.34852607    -0.49984857
     0.65100000     0.52363303     0.34754108    -0.29526663
     0.65200000     0.45871634     0.34655593    -0.48993374
     0.65300000     0.52185692     0.34557064    -0.29231831
     0.65400000     0.45921754     0.34458520    -0.47798948
     0.65500000     0.51994346     0.34359962    -0.28969238
     0.65600000     0.46030157     0.34261390    -0.46407401
     0.65700000     0.51794553     0.34162803    -0.28725809
     0.65800000     0.46197650     0.34064202    -0.44831402
     0.65900000     0.51591746     0.33965588    -0.28488147
     0.66000000     0.46423791     0.33866960    -0.43089615
     0.66100000     0.51391356     0.33768318    -0.28242864
     0.66200000     0.46706853     0.33669662    -0.41205474
     0.66300000     0.51198657     0.33570994    -0.27976944
     0.66400000     0.47043829     0.33472312    -0.39205730
     0.66500000     0.51018630     0.33373617    -0.27678130
     0.66600000     0.47430474     0.33274909    -0.37118968
     0.66700000     0.50855826     0.33176188    -0.27335312
     0.66800000     0.47861384     0.33077455    -0.34974223
     0.66900000     0.50714260     0.32978709    -0.26938897
     0.67000000     0.48330117     0.32879951    -0.32799800
     0.67100000     0.50597308     0.32781180    -0.26481126
     0.67200000     0.48829342     0.32682397    -0.30622355
     0.67300000     0.50507634     0.32583602    -0.25956338
     0.67400000     0.49351013     0.32484795    -0.28466242
     0.67500000     0.50447138     0.32385977    -0.25361131
     0.67600000     0.49886576     0.32287146    -0.26353107
     0.67700000     0.50416923     0.32188304    -0.24694432
     0.67800000     0.50427177     0.32089451    -0.24301680
     0.67900000     0.50417287     0.31990586    -0.23957461
     0.68000000     0.50963894     0.31891710    -0.22327736
     0.68100000     0.50447734     0.31792822    -0.23153589
     0.68200000     0.51487963     0.31693924    -0.20444160
     0.68300000     0.50507013     0.31595015    -0.22288115
     0.68400000     0.51990996     0.31496095    -0.18661088
     0.68500000     0.50593164     0.31397164    -0.21367969
     0.68600000     0.52465194     0.31298223    -0.16986096
     0.68700000     0.50703589     0.31199271    -0.20401369
     0.68800000     0.52903533     0.31100309    -0.15424399
     0.68900000     0.50835132     0.31001337    -0.19397459
     0.69000000     0.53299927     0.30902354    -0.13979061
     0.69100000     0.50984173     0.30803361    -0.18365948
     0.69200000     0.53649360     0.30704359    -0.12651195
     0.69300000     0.51146726     0.30605346    -0.17316769
     0.69400000     0.53947984     0.30506324    -0.11440151
     0.69500000     0.51318545     0.30407292    -0.16259769
     0.69600000     0.54193175     0.30308250    -0.10343698
     0.69700000     0.51495233     0.30209199    -0.15204446
     0.69800000     0.54383556     0.30110139   -0.093581827
     0.69900000     0.51672349     0.30011069    -0.14159735
     0.70000000     0.54518976     0.29911990   -0.084786878
     0.70100000     0.51845510     0.29812902    -0.13133834
     0.70200000     0.54600454     0.29713805   -0.076991824
     0.70300000     0.52010494     0.29614698    -0.12134082
     0.70400000     0.54630093     0.29515583   -0.070126675
     0.70500000     0.52163330     0.29416460    -0.11166875
     0.70600000     0.54610956     0.29317327   -0.064113248
     0.70700000     0.52300386     0.29218186    -0.10237607
     0.70800000     0.54546926     0.29119037   -0.058866697
     0.70900000     0.52418435     0.29019879   -0.093506547
     0.71000000     0.54442547     0.28920713   -0.054297106
     0.71100000     0.52514728     0.28821538   -0.085093638
     0.71200000     0.54302848     0.28722356   -0.050311165
     0.71300000     0.52587036     0.28623165   -0.077160682
     0.71400000     0.54133166     0.28523966   -0.046813915
     0.71500000     0.52633695     0.28424760   -0.069721109
     0.71600000     0.53938973     0.28325545   -0.043710567
     0.71700000     0.52653627     0.28226323   -0.062778773
     0.71800000     0.53725711     0.28127093   -0.040908331
     0.71900000     0.52646352     0.28027855   -0.056328341
     0.72000000     0.53498631     0.27928610   -0.038318244
     0.72100000     0.52611991     0.27829358   -0.050355732
     0.72200000     0.53262665     0.27730098   -0.035856905
     0.72300000     0.52551249     0.27630830   -0.044838605
     0.72400000     0.53022309     0.27531556   -0.033448081
     0.72500000     0.52465390     0.27432274   -0.039746897
     0.72600000     0.52781531     0.27332985   -0.031024098
     0.72700000     0.52356202     0.27233689   -0.035043415
     0.72800000     0.52543706     0.27134387   -0.028526967
     0.72900000     0.52225943     0.27035077   -0.030684509
     0.73000000     0.52311578     0.26935760   -0.025909191
     0.73100000     0.52077290     0.26836437   -0.026620826
     0.73200000     0.52087237     0.26737107   -0.023134223
     0.73300000     0.51913267     0.26637770   -0.022798169
     0.73400000     0.51872127     0.26538427   -0.020176565
     0.73500000     0.51737173     0.26439078   -0.019158468
     0.73600000     0.51667066     0.26339722   -0.017021519
     0.73700000     0.51552501     0.26240359   -0.015640873
     0.73800000     0.51472287     0.26140990   -0.013664616
     0.73900000     0.51362854     0.26041615   -0.012182971
     0.74000000     0.51287485     0.25942234   -0.010110785
     0.74100000     0.51171859     0.25842847  -0.0087221084
     0.74200000     0.51111878     0.25743454  -0.0063733117
     0.74300000     0.50983079     0.25644054  -0.0051968058
     0.74400000     0.50944273     0.25544649  -0.0024726582
     0.74500000     0.50799927     0.25445238  -0.0015482262
     0.74600000     0.50783130     0.25345821   0.0015647980
     0.74700000     0.50625590     0.25246399   0.0022783474
     0.74800000     0.50626635     0.25146970   0.0057080405
     0.74900000     0.50462945     0.25047536   0.0063320809
     0.75000000     0.50472764     0.24948097   0.0099226683
     0.75100000     0.50314496     0.24848651    0.010655267
     0.75200000     0.50319351     0.24749201    0.014172095
     0.75300000     0.50182319     0.24649745    0.015282175
     0.75400000     0.50164153     0.24550283    0.018418677
     0.75500000     0.50068008     0.24450817    0.020238139
     0.75600000     0.50004909     0.24351345    0.022624766
     0.75700000     0.49972646     0.24251868    0.025538924
     0.75800000     0.49839405     0.24152385    0.026753698
     0.75900000     0.49896785     0.24052898    0.031190430
     0.76000000     0.49665532     0.23953405    0.030770735
     0.76100000     0.49840436     0.23853908    0.037188723
     0.76200000     0.49481345     0.23754405    0.034643970
     0.76300000     0.49803080     0.23654898    0.043520425
     0.76400000     0.49285129     0.23555386    0.038345234
     0.76500000     0.49783691     0.23455869    0.050163414
     0.76600000     0.49075456     0.23356347    0.041851005
     0.76700000     0.49780767     0.23256820    0.057087807
     0.76800000     0.48851250     0.23157289    0.045143336
     0.76900000     0.49792383     0.23057753    0.064257178
     0.77000000     0.48611848     0.22958213    0.048210820
     0.77100000     0.49816245     0.22858668    0.071629929
     0.77200000     0.48357058     0.22759119    0.051049558
     0.77300000     0.49849761     0.22659565    0.079160764
     0.77400000     0.48087218     0.22560007    0.053664138
     0.77500000     0.49890111     0.22460444    0.086802194
     0.77600000     0.47803239     0.22360877    0.056068576
     0.77700000     0.49934333     0.22261306    0.094506015
     0.77800000     0.47506648     0.22161731    0.058287193
     0.77900000     0.49979397     0.22062151     0.10222471
     0.78000000     0.47199611     0.21962568    0.060355356
     0.78100000     0.50022295     0.21862980     0.10991273
     0.78200000     0.46884944     0.21763388    0.062320027
     0.78300000     0.50060119     0.21663792     0.11752768
     0.78400000     0.46566105     0.21564192    0.064240031
     0.78500000     0.50090138     0.21464589     0.12503126
     0.78600000     0.46247165     0.21364981    0.066185977
     0.78700000     0.50109873     0.21265370     0.13239014
     0.78800000     0.45932758     0.21165754    0.068239728
     0.78900000     0.50117163     0.21066135     0.13957663
     0.79000000     0.45628015     0.20966512    0.070493342
     0.79100000     0.50110218     0.20866886     0.14656922
     0.79200000     0.45338465     0.20767255    0.073047437
     0.79300000     0.50087673     0.20667622     0.15335292
     0.79400000     0.45069934     0.20567984    0.076008919
     0.79500000     0.50048619     0.20468343     0.15991954
     0.79600000     0.44828413     0.20368699    0.079488106
     0.79700000     0.49992634     0.20269050     0.16626776
     0.79800000     0.44619927     0.20169399    0.083595279
     0.79900000     0.49919789     0.20069744     0.17240315
     0.80000000     0.44450386     0.19970086    0.088436816
     0.80100000     0.49830654     0.19870424     0.17833801
     0.80200000     0.44325446     0.19770759    0.094111062
     0.80300000     0.49726284     0.19671091     0.18409108
     0.80400000     0.44250361     0.19571419     0.10070420
     0.80500000     0.49608190     0.19471745     0.18968717
     0.80600000     0.44229849     0.19372067     0.10828643
     0.80700000     0.49478304     0.19272385     0.19515658
     0.80800000     0.44267975     0.19172701     0.11690863
     0.80900000     0.49338929     0.19073014     0.20053448
     0.81000000     0.44368044     0.18973323     0.12660002
     0.81100000     0.49192674     0.18873630     0.20586007
     0.81200000     0.44532516     0.18773934     0.13736668
     0.81300000     0.49042389     0.18674234     0.21117561
     0.81400000     0.44762948     0.18574532     0.14919135
     0.81500000     0.48891083     0.18474827     0.21652539
     0.81600000     0.45059953     0.18375118     0.16203437
     0.81700000     0.48741841     0.18275407     0.22195455
     0.81800000     0.45423192     0.18175694     0.17583564
     0.81900000     0.48597738     0.18075977     0.22750781
     0.82000000     0.45851375     0.17976257     0.19051743
     0.82100000     0.48461753     0.17876535     0.23322823
     0.82200000     0.46342300     0.17776810     0.20598783
     0.82300000     0.48336683     0.17677083     0.23915589
     0.82400000     0.46892895     0.17577353     0.22214447
     0.82500000     0.48225063     0.17477620     0.24532672
     0.82600000     0.47499285     0.17377884     0.23887828
     0.82700000     0.48129096     0.17278146     0.25177139
     0.82800000     0.48156868     0.17178405     0.25607701
     0.82900000     0.48050592     0.17078662     0.25851442
     0.83000000     0.48860395     0.16978917     0.27362848
     0.83100000     0.47990923     0.16879168     0.26557346
     0.83200000     0.49604061     0.16779418     0.29142313
     0.83300000     0.47950985     0.16679665     0.27295890
     0.83400000     0.50381596     0.16579909     0.30935623
     0.83500000     0.47931184     0.16480151     0.28067372
     0.83600000     0.51186350     0.16380391     0.32732934
     0.83700000     0.47931438     0.16280628     0.28871366
     0.83800000     0.52011384     0.16180864     0.34525142
     0.83900000     0.47951185     0.16081096     0.29706762
     0.84000000     0.52849547     0.15981327     0.36303934
     0.84100000     0.47989421     0.15881555     0.30571841
     0.84200000     0.53693559     0.15781781     0.38061813
     0.84300000     0.48044739     0.15682005     0.31464361
     0.84400000     0.54536081     0.15582227     0.39792092
     0.84500000     0.48115388     0.15482446     0.32381664
     0.84600000     0.55369785     0.15382664     0.41488860
     0.84700000     0.48199337     0.15282879     0.33320793
     0.84800000     0.56187421     0.15183092     0.43146948
     0.84900000     0.48294347     0.15083303     0.34278607
     0.85000000     0.56981879     0.14983512     0.44761878
     0.85100000     0.48398043     0.14883719     0.35251899
     0.85200000     0.57746258     0.14783924     0.46329815
     0.85300000     0.48507990     0.14684127     0.36237506
     0.85400000     0.58473927     0.14584328     0.47847518
     0.85500000     0.48621762     0.14484527     0.37232402
     0.85600000     0.59158589     0.14384724     0.49312304
     0.85700000     0.48737011     0.14284920     0.38233780
     0.85800000     0.59794354     0.14185113     0.50722005
     0.85900000     0.48851520     0.14085304     0.39239119
     0.86000000     0.60375806     0.13985494     0.52074949
     0.86100000     0.48963250     0.13885682     0.40246227
     0.86200000     0.60898072     0.13785867     0.53369933
     0.86300000     0.49070380     0.13686052     0.41253278
     0.86400000     0.61356898     0.13586234     0.54606219
     0.86500000     0.49171331     0.13486414     0.42258818
     0.86600000     0.61748713     0.13386593     0.55783526
     0.86700000     0.49264779     0.13286770     0.43261769
     0.86800000     0.62070697     0.13186946     0.56902031
     0.86900000     0.49349659     0.13087119     0.44261415
     0.87000000     0.62320838     0.12987291     0.57962376
     0.87100000     0.49425160     0.12887462     0.45257380
     0.87200000     0.62497986     0.12787630     0.58965681
     0.87300000     0.49490712     0.12687797     0.46249598
     0.87400000     0.62601885     0.12587963     0.59913547
     0.87500000     0.49545966     0.12488126     0.47238281
     0.87600000     0.62633197     0.12388289     0.60808075
     0.87700000     0.49590773     0.12288449     0.48223880
     0.87800000     0.62593510     0.12188608     0.61651865
     0.87900000     0.49625157     0.12088766     0.49207055
     0.88000000     0.62485320     0.11988922     0.62448027
     0.88100000     0.49649292     0.11889076     0.50188635
     0.88200000     0.62311995     0.11789229     0.63200170
     0.88300000     0.49663479     0.11689381     0.51169596
     0.88400000     0.62077723     0.11589531     0.63912396
     0.88500000     0.49668125     0.11489680     0.52151031
     0.88600000     0.61787428     0.11389827     0.64589274
     0.88700000     0.49663722     0.11289973     0.53134134
     0.88800000     0.61446671     0.11190117     0.65235807
     0.88900000     0.49650839     0.11090260     0.54120182
     0.89000000     0.61061534     0.10990402     0.65857385
     0.89100000     0.49630107     0.10890542     0.55110525
     0.89200000     0.60638486     0.10790681     0.66459719
     0.89300000     0.49602212     0.10690818     0.56106584
     0.89400000     0.60184234     0.10590955     0.67048772
     0.89500000     0.49567889     0.10491090     0.57109839
     0.89600000     0.59705569     0.10391223     0.67630660
     0.89700000     0.49527915     0.10291356     0.58121834
     0.89800000     0.59209207     0.10191487     0.68211557
     0.89900000     0.49483106     0.10091616     0.59144167
     0.90000000     0.58701636    0.099917450     0.68797581
     0.90100000     0.49434305    0.098918723     0.60178489
     0.90200000     0.58188956    0.097919985     0.69394672
     0.90300000     0.49382375    0.096921234     0.61226492
     0.90400000     0.57676749    0.095922471     0.70008476
     0.90500000     0.49328178    0.094923696     0.62289900
     0.90600000     0.57169949    0.093924909     0.70644226
     0.90700000     0.49272560    0.092926111     0.63370447
     0.90800000     0.56672741    0.091927302     0.71306630
     0.90900000     0.49216322    0.090928480     0.64469859
     0.91000000     0.56188477    0.089929648     0.71999781
     0.91100000     0.49160189    0.088930805     0.65589822
     0.91200000     0.55719620    0.087931950     0.72727076
     0.91300000     0.49104776    0.086933085     0.66731954
     0.91400000     0.55267712    0.085934208     0.73491165
     0.91500000     0.49050545    0.084935321     0.67897763
     0.91600000     0.54833372    0.083936423     0.74293923
     0.91700000     0.48997760    0.082937515     0.69088616
     0.91800000     0.54416310    0.081938597     0.75136444
     0.91900000     0.48946440    0.080939668     0.70305693
     0.92000000     0.54015370    0.079940729     0.76019076
     0.92100000     0.48896309    0.078941779     0.71549952
     0.92200000     0.53628592    0.077942820     0.76941458
     0.92300000     0.48846752    0.076943851     0.72822090
     0.92400000     0.53253282    0.075944872     0.77902599
     0.92500000     0.48796758    0.074945883     0.74122508
     0.92600000     0.52886102    0.073946885     0.78900955
     0.92700000     0.48744880    0.072947877     0.75451285
     0.92800000     0.52523158    0.071948860     0.79934525
     0.92900000     0.48689191    0.070949833     0.76808148
     0.93000000     0.52160092    0.069950798     0.81000946
     0.93100000     0.48627242    0.068951753     0.78192458
     0.93200000     0.51792170    0.067952699     0.82097588
     0.93300000     0.48556029    0.066953636     0.79603196
     0.93400000     0.51414359    0.065954564     0.83221636
     0.93500000     0.48471967    0.064955484     0.81038956
     0.93600000     0.51021400    0.063956394     0.84370166
     0.93700000     0.48370860    0.062957296     0.82497940
     0.93800000     0.50607859    0.061958190     0.85540200
     0.93900000     0.48247895    0.060959075     0.83977969
     0.94000000     0.50168171    0.059959952     0.86728752
     0.94100000     0.48097626    0.058960820     0.85476482
     0.94200000     0.49696664    0.057961681     0.87932846
     0.94300000     0.47913980    0.056962533     0.86990555
     0.94400000     0.49187573    0.055963377     0.89149526
     0.94500000     0.47690269    0.054964213     0.88516911
     0.94600000     0.48635043    0.053965042     0.90375849
     0.94700000     0.47419213    0.052965862     0.90051939
     0.94800000     0.48033124    0.051966675     0.91608860
     0.94900000     0.47092978    0.050967480     0.91591714
     0.95000000     0.47375766    0.049968278     0.92845569
     0.95100000     0.46703234    0.048969068     0.93132017
     0.95200000     0.46656813    0.047969851     0.94082907
     0.95300000     0.46241221    0.046970627     0.94668361
     0.95400000     0.45870007    0.045971395     0.95317696
     0.95500000     0.45697846    0.044972156     0.96196015
     0.95600000     0.45009005    0.043972910     0.96546611
     0.95700000     0.45063795    0.042973656     0.97710036
     0.95800000     0.44067411    0.041974396     0.97766146
     0.95900000     0.44329668    0.040975129     0.99205297
     0.96000000     0.43038834    0.039975855     0.98972594
     0.96100000     0.43486140    0.038976575      1.0067652
     0.96200000     0.41916967    0.037977287      1.0016203
     0.96300000     0.42524140    0.036977993      1.0211831
     0.96400000     0.40695692    0.035978692      1.0133030
     0.96500000     0.41435052    0.034979385      1.0352521
     0.96600000     0.39369209    0.033980072      1.0247307
     0.96700000     0.40210931    0.032980752      1.0489171
     0.96800000     0.37932195    0.031981426      1.0358576
     0.96900000     0.38844739    0.030982093      1.0621231
     0.97000000     0.36379975    0.029982754      1.0466369
     0.97100000     0.37330576    0.028983410      1.0748157
     0.97200000     0.34708710    0.027984059      1.0570202
     0.97300000     0.35663917    0.026984702      1.0869413
     0.97400000     0.32915589    0.025985339      1.0669586
     0.97500000     0.33841841    0.024985970      1.0984477
     0.97600000     0.30999028    0.023986596      1.0764030
     0.97700000     0.31863241    0.022987215      1.1092845
     0.97800000     0.28958845    0.021987829      1.0853048
     0.97900000     0.29729003    0.020988438      1.1194033
     0.98000000     0.26796425    0.019989040      1.0936163
     0.98100000     0.27442157    0.018989637      1.1287585
     0.98200000     0.24514851    0.017990229      1.1012919
     0.98300000     0.25007974    0.016990815      1.1373074
     0.98400000     0.22118996    0.015991396      1.1082879
     0.98500000     0.22434020    0.014991972      1.1450105
     0.98600000     0.19615567    0.013992542      1.1145639
     0.98700000     0.19730148    0.012993107      1.1518320
     0.98800000     0.17013104    0.011993667      1.1200825
     0.98900000     0.16908423    0.010994222      1.1577399
     0.99000000     0.14321911   0.0099947712      1.1248107
     0.99100000     0.13982998   0.0089953159      1.1627064
     0.99200000     0.11553943   0.0079958556      1.1287195
     0.99300000     0.10969909   0.0069963903      1.1667078
     0.99400000    0.087226301   0.0059969202      1.1317849
     0.99500000    0.078868334   0.0049974453      1.1697253
     0.99600000    0.058426511   0.0039979656      1.1339877
     0.99700000    0.047527755   0.0029984812      1.1717443
     0.99800000    0.029296638   0.0019989921      1.1353141
     0.99900000    0.015877250  0.00099949832      1.1727552
